 1    2       2.750000000000e+07  0.000000000000e+00  4.735681211805e-06  1.456615736348e-05  6.186831051386e-06  7.274720477272e+06  1.565208876902e+06  6.410078588520e+06  3.063098379598e+06 -4.602085358755e-01  0.000000000000e+00 -8.877915038314e-01 
 1    2       2.750000000000e+07  0.000000000000e+00 -5.974531142573e-06 -6.476503172774e-06  2.734218789009e-06  1.077443952964e+07 -7.299342726937e+06 -6.507484025554e+06  4.523360983788e+06 -9.949271486037e-01  0.000000000000e+00 -9.989095330640e-02 
 1    2       2.750000000000e+07  0.000000000000e+00 -3.770255717195e-06 -1.119759448483e-05  4.506483676581e-06  1.430390008491e+05 -6.945748652616e+04 -1.085523604933e+05  6.206608059717e+04 -6.438788564801e-01  0.000000000000e+00  7.651273912816e-01 
 1    2       2.750000000000e+07  0.000000000000e+00 -1.237268525859e-06  7.237553516640e-06  6.561786274262e-07  5.488885947009e+05 -2.494274885360e+05  4.235152436723e+05  2.443347206856e+05 -6.071994106554e-03  0.000000000000e+00 -9.999813680861e-01 
 1    2       2.750000000000e+07  0.000000000000e+00  1.380888079059e-06  3.571604489982e-06 -5.370288450607e-07  3.378106773772e+04 -2.605092084957e+04  1.643227863506e+04  1.387408660957e+04  5.709453442576e-01  0.000000000000e+00 -8.209880643478e-01 
 1    2       2.750000000000e+07  0.000000000000e+00 -3.376980084481e-06 -9.801441762375e-07  1.773454871810e-06  1.993645491357e+06 -1.189014816322e+06 -1.370002949165e+06  8.270175518402e+05 -9.530306063184e-01  0.000000000000e+00 -3.028614767793e-01 
 1    2       2.750000000000e+07  0.000000000000e+00  5.992919204225e-06  4.673411106210e-06  1.271431291568e-06  3.197905013002e+06  2.730172875953e+06  9.240307184255e+05  1.385250797147e+06 -9.967844825676e-01  0.000000000000e+00  7.999791260419e-02 
 1    2       2.750000000000e+07  0.000000000000e+00 -4.411471680694e-06  6.237876401167e-06  3.691943004474e-06  1.622559885339e+06 -6.250804223935e+05  1.332054815645e+06  6.838165069444e+05  3.829216670445e-01  0.000000000000e+00 -9.237689697969e-01 
 1    2       2.750000000000e+07  0.000000000000e+00 -3.327234112682e-06 -3.935635790138e-06  3.793839391810e-06  4.035620541558e+06 -2.512908919425e+06 -2.679492627046e+06  1.670880360684e+06 -4.135815639648e-01  0.000000000000e+00  9.104437385140e-01 
 1    2       2.750000000000e+07  0.000000000000e+00  8.952014332785e-07  6.586169374653e-06  3.088696146598e-06  6.632794526327e+06  3.267068322627e+06  4.989753648120e+06  2.902169246414e+06  9.314264114498e-01  0.000000000000e+00  3.638500636601e-01 
 1    2       2.750000000000e+07  0.000000000000e+00 -3.256915697914e-06  4.321912541446e-06  2.066779159555e-06  9.392335382784e+05 -8.370204565809e+05  1.113122275590e+05  4.112979244876e+05 -9.981887490081e-01  0.000000000000e+00 -6.015083697179e-02 
 1    2       2.750000000000e+07  0.000000000000e+00  7.188854994471e-06  2.874536462003e-06  2.368821905178e-06  3.304071497277e+05  2.519796880112e+05  1.622231025261e+05  1.391358560105e+05 -7.778086780360e-01  0.000000000000e+00 -6.284971261824e-01 
 1    2       2.750000000000e+07  0.000000000000e+00 -2.624234881269e-06 -5.884605166165e-06  2.140499328078e-06  1.795438440399e+07  5.022007416054e+06 -1.540745016147e+07  7.729802090694e+06  1.571315445887e-01  0.000000000000e+00 -9.874670416984e-01 
 1    2       2.750000000000e+07  0.000000000000e+00 -3.773584916217e-06  5.984422919487e-06  2.963532637471e-06  6.285128986219e+06 -2.601108913046e+06  5.081580408564e+06  2.629566380067e+06  7.665316092651e-01  0.000000000000e+00 -6.421532701159e-01 
 1    2       2.750000000000e+07  0.000000000000e+00 -5.714115561230e-06 -8.875738353336e-07  3.134992761862e-06  6.158191457544e+05 -5.479734309566e+05 -5.747201466212e+04  2.750550977058e+05 -2.346638099697e-01  0.000000000000e+00 -9.720724107111e-01 
 1    2       2.750000000000e+07  0.000000000000e+00  5.220542843018e-06  9.777569381265e-07 -3.757888630984e-06  2.534341331045e+06 -2.191793041674e+06 -5.904590510533e+05  1.127070252355e+06 -9.836129750600e-01  0.000000000000e+00 -1.802563240737e-01 
 1    2       2.750000000000e+07  0.000000000000e+00  5.066212822133e-06 -3.072684077342e-06  1.700603825632e-06  5.956410538868e+06  3.781330426340e+06 -3.845618176676e+06  2.528158925701e+06 -9.287793358318e-01  0.000000000000e+00 -3.705374108890e-01 
 1    3       2.750000000000e+07  0.000000000000e+00  4.741453268410e-06  1.456582738194e-05  6.184564819561e-06  5.959709426220e+06  1.281749263696e+06  5.251558989866e+06  2.509259541369e+06 -2.557312837280e-01  0.000000000000e+00 -9.667359232804e-01 
 1    2       2.750000000000e+07  0.000000000000e+00  1.597110013338e-06 -2.373249760387e-06 -1.373961448899e-06  3.735045734320e+05 -1.289115634135e+05  3.125414151145e+05  1.587618941407e+05  7.082820444760e-01  0.000000000000e+00  7.059288696703e-01 
 1    2       2.750000000000e+07  0.000000000000e+00  3.709046859544e-06 -4.746072384584e-07  9.937988837568e-07  1.806685930251e+05 -5.926262221163e+04  1.515456957646e+05  7.850467635424e+04 -7.158746250893e-01  0.000000000000e+00  6.982288037234e-01 
 1    2       2.750000000000e+07  0.000000000000e+00 -2.385356627949e-06  8.625477309896e-07  1.812064477623e-06  6.274925374211e+06 -4.844137280945e+06 -3.009269086121e+06  2.617885028528e+06 -9.767617507644e-01  0.000000000000e+00  2.140580521726e-01 
 1    2       2.750000000000e+07  0.000000000000e+00  8.380387924467e-06  1.066304723121e-06  3.457698607517e-06  3.837619874070e+06  3.443701939488e+06  2.579616725247e+05  1.673827656998e+06  9.031510051437e-01  0.000000000000e+00 -4.293065087475e-01 
 1    2       2.750000000000e+07  0.000000000000e+00 -5.989006011241e-06  7.477131332322e-06  3.732607092516e-06  4.993509016145e+04 -2.810152662888e+04  3.493986466289e+04  2.197779078745e+04 -9.850543008706e-01  0.000000000000e+00  1.722440422343e-01 
 1    2       2.750000000000e+07  0.000000000000e+00  9.190778511018e-06 -2.130255439095e-07  4.102894776952e-06  2.892771497168e+05  2.561894080888e+05  3.846673983804e+04  1.287189436626e+05 -3.486258204511e-01  0.000000000000e+00 -9.372610729109e-01 
 1    2       2.750000000000e+07  0.000000000000e+00  3.422236516277e-06  5.772132081699e-06  1.966831629876e-06  5.076561137822e+05  4.159418106716e+05  1.930206684329e+05  2.178305799318e+05  9.543725102087e-01  0.000000000000e+00 -2.986130891122e-01 
 1    2       2.750000000000e+07  0.000000000000e+00  1.842719956376e-07  1.671322312448e-08  9.208592014080e-07  1.684803500312e+07  9.698059055479e+06  1.185558049401e+07  7.017773519643e+06 -6.560037429322e-01  0.000000000000e+00 -7.546118565005e-01 
 1    2       2.750000000000e+07  0.000000000000e+00 -4.265087081786e-07 -4.100822147943e-06  3.024293132511e-07  3.181828142507e+06 -2.851357909640e+06 -4.634917800984e+05  1.333778006029e+06  2.351140017660e-01  0.000000000000e+00 -9.719534455443e-01 
 1    2       2.750000000000e+07  0.000000000000e+00  2.258871907177e-06 -4.601719257957e-08  1.101097412483e-06  4.186597629444e+06  3.206081146745e+06  1.989405508701e+06  1.814086302605e+06 -2.066620218155e-01  0.000000000000e+00 -9.782348872462e-01 
 1    2       2.750000000000e+07  0.000000000000e+00 -1.329058924762e-06  9.790891817973e-06  3.458113189022e-06  3.450619876863e+06 -3.988322037640e+05  3.099992568549e+06  1.462106864351e+06  9.745427604376e-01  0.000000000000e+00  2.241333727149e-01 
 1    2       2.750000000000e+07  0.000000000000e+00  5.017598280856e-06  7.663474433513e-06  3.698094580462e-06  7.452350282794e+06  7.284022807625e+05  6.679549567400e+06  3.223441085468e+06  4.529552961830e-01  0.000000000000e+00 -8.914860819111e-01 
 1    2       2.750000000000e+07  0.000000000000e+00 -2.123777773173e-06  6.066378284985e-06  1.273476904398e-06  7.595621927314e+06  1.619998700959e+06  6.597026074090e+06  3.398282455795e+06 -8.212558947323e-01  0.000000000000e+00  5.705207243860e-01 
 1    2       2.750000000000e+07  0.000000000000e+00 -5.836667744272e-06 -1.014994866071e-06  1.315603516679e-06  3.329441208001e+06 -2.026651974455e+06 -2.220477311451e+06  1.430853256384e+06 -8.161854148942e-01  0.000000000000e+00 -5.777623983548e-01 
 1    2       2.750000000000e+07  0.000000000000e+00 -6.817645445616e-07 -1.115633559179e-05  2.740834660352e-06  4.908801183980e+05 -6.269744580284e+04 -4.371661197619e+05  2.142851013500e+05 -7.381784795190e-01  0.000000000000e+00 -6.746042984892e-01 
 1    2       2.750000000000e+07  0.000000000000e+00 -2.980461608877e-06 -4.219955606084e-06  4.302390170711e-06  5.402610050873e+06 -1.652288147113e+06 -4.600040105430e+06  2.301688569103e+06  9.190698521363e-01  0.000000000000e+00 -3.940126583763e-01 
 1    2       2.750000000000e+07  0.000000000000e+00 -3.469690749581e-07 -8.876026373268e-06  1.007138762982e-06  9.013229159734e+06 -3.747722887065e+06 -7.283936853837e+06  3.759938424624e+06 -6.684049548271e-01  0.000000000000e+00 -7.437462431324e-01 
 1    2       2.750000000000e+07  0.000000000000e+00 -3.396769838298e-06 -2.681624950768e-06  1.617812738544e-06  2.363972226792e+07 -1.738841133735e+07 -1.255132267417e+07  9.947055805426e+06 -8.506191712688e-01  0.000000000000e+00 -5.255590564248e-01 
 1    2       2.750000000000e+07  0.000000000000e+00  6.718116559640e-07 -2.436636000116e-06  1.654793422868e-06  3.537663193056e+06 -1.678509680996e+06 -2.725066322749e+06  1.507209227324e+06 -3.390933349510e-01  0.000000000000e+00 -9.407412305158e-01 
 1    2       2.750000000000e+07  0.000000000000e+00 -6.888900771781e-07  6.361716788533e-06 -3.395446169553e-07  4.149322413757e+05 -4.152412215687e+04  3.730007139735e+05  1.769603898826e+05 -1.907800398347e-01  0.000000000000e+00 -9.816327159382e-01 
 1    2       2.750000000000e+07  0.000000000000e+00  2.597464876145e-06 -2.346349448947e-06 -1.343754544782e-06  2.700608878169e+07  2.352031746291e+07 -6.954399603226e+06  1.130308913028e+07  6.015528816324e-01  0.000000000000e+00 -7.986139936293e-01 
 1    2       2.750000000000e+07  0.000000000000e+00  4.258271036967e-06 -4.100122605167e-06  2.998781107848e-06  3.452296560863e+05  1.307299061824e+05 -2.850196963186e+05  1.444194577661e+05 -1.988931768418e-01  0.000000000000e+00  9.800208735435e-01 
 1    2       2.750000000000e+07  0.000000000000e+00  2.112091978161e-06  4.602756240156e-06  2.335503180733e-07  1.082435211456e+05  6.781147779255e+04  7.073086185254e+04  4.599357054176e+04 -6.699498293777e-01  0.000000000000e+00  7.424063623994e-01 
 1    2       2.750000000000e+07  0.000000000000e+00 -5.336889933863e-06  3.090459670275e-07  2.096306966245e-06  7.103178982708e+06 -6.407243767903e+06 -7.469225382104e+05  2.973968002680e+06 -3.570285700518e-01  0.000000000000e+00 -9.340250262085e-01 
 1    2       2.750000000000e+07  0.000000000000e+00 -3.111766575252e-07 -6.463433276636e-07 -1.739847353507e-06  7.414656284751e+06 -5.476317770144e+06  3.805770990422e+06  3.240860791497e+06 -6.939454871286e-01  0.000000000000e+00 -7.199543355807e-01 
 1    2       2.750000000000e+07  0.000000000000e+00 -1.280455292385e-06 -6.440860509545e-07 -7.735972549410e-07  1.330564158934e+07 -1.192578375511e+07 -1.370580456141e+06  5.739101771491e+06 -5.665202812217e-01  0.000000000000e+00 -8.239618892536e-01 
 1    2       2.750000000000e+07  0.000000000000e+00  1.267649220260e-06 -1.472099834674e-06  7.175977270262e-07  3.734337633187e+06  3.389691856048e+05  3.378251518235e+06  1.554925763306e+06  8.816599266250e-01  0.000000000000e+00 -4.718706079794e-01 
 1    2       2.750000000000e+07  0.000000000000e+00 -4.105951242623e-06  3.773715868829e-06 -1.575455964488e-06  8.543192153488e+04  2.876898170935e+04 -7.156845426741e+04  3.672758176524e+04  4.962205409697e-01  0.000000000000e+00  8.681964715122e-01 
 1    2       2.750000000000e+07  0.000000000000e+00  1.593119705116e-06  7.553915630205e-06  3.005252478495e-06  1.379992510242e+06  2.669303324715e+05  1.214142413922e+06  5.991541743532e+05 -9.868037234833e-01  0.000000000000e+00  1.618991241518e-01 
 1    2       2.750000000000e+07  0.000000000000e+00  2.104629676755e-06 -1.174083479843e-06 -3.459885361112e-07  4.030533989699e+05  3.600669698569e+05 -6.355281217444e+04  1.696020627940e+05  8.596487023452e-01  0.000000000000e+00  5.108841489924e-01 
 1    2       2.750000000000e+07  0.000000000000e+00 -1.121646849807e-06 -1.169924139996e-06 -7.709361356022e-07  9.662367638375e+05 -7.561303382008e+05 -4.326302947841e+05  4.179849560432e+05  9.839131926281e-01  0.000000000000e+00 -1.786455209827e-01 
 1    2       2.750000000000e+07  0.000000000000e+00 -3.578946290209e-06  4.712301675547e-06  6.590432739392e-07  3.579417560140e+05 -2.164822252069e+04  3.196736110106e+05  1.595695383946e+05 -7.112925154170e-01  0.000000000000e+00 -7.028955522407e-01 
 1    2       2.750000000000e+07  0.000000000000e+00 -3.051529807336e-06 -1.174688728960e-06  1.240775733950e-06  4.149133391135e+06  1.092785887930e+06  3.548483154412e+06  1.851862360821e+06  7.056990471043e-01  0.000000000000e+00 -7.084882591869e-01 
 1    2       2.750000000000e+07  0.000000000000e+00  3.202965244878e-06  2.764495371704e-07  1.503644539752e-06  3.328407261279e+05  2.751248074490e+05  1.238176548584e+05  1.405648520820e+05  9.893127991267e-01  0.000000000000e+00 -1.458052905652e-01 
 1    2       2.750000000000e+07  0.000000000000e+00  2.804942314943e-07  3.917747398517e-06  3.995910830060e-07  4.565967594254e+06  1.836300711242e+06  3.700441413456e+06  1.944940388610e+06  9.334061432328e-01  0.000000000000e+00  3.588000350752e-01 
 1    2       2.750000000000e+07  0.000000000000e+00 -3.511463555880e-06 -2.677975334971e-06  1.386846331913e-07  5.567523783170e+06  2.582044309575e+06 -4.310935766109e+06  2.397123501209e+06  7.238376242610e-01  0.000000000000e+00 -6.893975089644e-01 
 1    2       2.750000000000e+07  0.000000000000e+00 -6.227237766311e-07  3.226888705310e-06 -1.311093303821e-06  5.410255587385e+05  4.426466334246e+05 -2.083498596121e+05  2.310042188484e+05 -4.925590105808e-02  0.000000000000e+00 -9.987843476107e-01 
 1    2       2.750000000000e+07  0.000000000000e+00  3.658132152920e-07  4.954939280161e-06  1.267979334177e-06  3.202183620632e+05 -1.994322364785e+05  2.099949067713e+05  1.366335302395e+05 -9.295834576322e-01  0.000000000000e+00 -3.686110511387e-01 
 1    2       2.750000000000e+07  0.000000000000e+00 -3.840420048974e-07 -3.407287875377e-06  5.007647128272e-07  2.622189769098e+06 -2.287623875649e+06  5.413733474933e+05  1.161710414580e+06  5.013419468374e-01  0.000000000000e+00 -8.652293122071e-01 
 1    2       2.750000000000e+07  0.000000000000e+00  8.192680830639e-07  1.648708540466e-06 -4.701253255563e-07  3.955426716648e+05 -2.695292100840e+05 -2.341504293460e+05  1.702397910486e+05 -7.901383829798e-01  0.000000000000e+00  6.129282904306e-01 
 1    2       2.750000000000e+07  0.000000000000e+00  1.289739376566e-06  2.594915611877e-07 -3.454227817547e-07  1.980718467769e+06 -1.088466790539e+06 -1.410847842756e+06  8.648664978155e+05 -3.210104331428e-01  0.000000000000e+00 -9.470710257147e-01 
 1    2       2.750000000000e+07  0.000000000000e+00  4.885072973870e-06 -2.362745821276e-06  2.347084684718e-06  1.384996282940e+07  1.185394065512e+07 -4.265794986164e+06  5.754003341717e+06  6.679061908581e-01  0.000000000000e+00 -7.441146760829e-01 
 1    2       2.750000000000e+07  0.000000000000e+00 -3.416551442525e-07 -3.748497070994e-06 -1.158397377181e-06  1.769400629262e+06  1.584467425606e+06 -1.895747787392e+05  7.643971266893e+05  7.582238083154e-02  0.000000000000e+00 -9.971097937895e-01 
 1    2       2.750000000000e+07  0.000000000000e+00  4.755896849322e-06 -5.843683152994e-07 -6.156988610834e-07  7.133839390908e+06 -4.198190294429e+06  4.879227443002e+06  3.075711668295e+06 -3.243777464144e-01  0.000000000000e+00 -9.458874575148e-01 
 1    2       2.750000000000e+07  0.000000000000e+00  3.527725190896e-06  9.516604896780e-07  9.690818493379e-07  8.469812627513e+06  7.142711612694e+06 -2.562272747388e+06  3.762200836087e+06  1.320811179766e-02  0.000000000000e+00 -9.998842099363e-01 
 1    2       2.750000000000e+07  0.000000000000e+00  2.615272087745e-06 -1.151505147219e-06 -1.632793290469e-06  4.721041886821e+05 -3.135270987285e+05  2.887693589732e+05  2.029664520364e+05  9.966871614068e-01  0.000000000000e+00 -8.129527601034e-02 
 1    2       2.750000000000e+07  0.000000000000e+00  3.755586298707e-06 -2.155693149685e-06 -3.355962036110e-06  1.268032724669e+06 -1.127244147920e+06 -2.332093895077e+05  5.318279820180e+05 -1.555497345335e-01  0.000000000000e+00  9.878265476202e-01 
 1    2       2.750000000000e+07  0.000000000000e+00  4.432805022809e-06  4.322102809499e-06 -1.749749951069e-06  9.902178760388e+06 -8.929504843645e+06 -1.185362851781e+06  4.112420498882e+06 -8.134074540659e-01  0.000000000000e+00 -5.816269300762e-01 
 1    2       2.750000000000e+07  0.000000000000e+00 -1.794473584736e-06  4.930358091903e-06  4.737801410130e-07  6.994379381647e+06 -1.954980700039e+06  5.955914481403e+06  3.102656295353e+06  3.457213687072e-01  0.000000000000e+00 -9.382492163694e-01 
 1    2       2.750000000000e+07  0.000000000000e+00 -3.189402995357e-07  2.350256141207e-06 -5.516512519677e-07  2.321278576818e+06 -2.065247366819e+06  2.265628227043e+05  1.035256891989e+06 -9.340031765846e-01  0.000000000000e+00 -3.572273578425e-01 
 1    2       2.750000000000e+07  0.000000000000e+00 -2.430412201121e-06 -9.300334136912e-07  9.533335375109e-07  3.148913430095e+06 -1.113124403692e+06 -2.600973288537e+06  1.382587358708e+06 -8.281846907887e-01  0.000000000000e+00 -5.603914387208e-01 
 1    2       2.750000000000e+07  0.000000000000e+00 -1.859164898038e-06  4.100511000397e-06  2.236828517330e-07  1.660650311000e+07 -1.026763163254e+07 -1.095360666040e+07  7.097195737071e+06 -9.289804243370e-01  0.000000000000e+00 -3.694594795623e-01 
 1    2       2.750000000000e+07  0.000000000000e+00 -1.339904419844e-06 -5.930325976764e-07 -3.876111525358e-07  3.031209410751e+07 -9.487300080355e+05  2.738498618147e+07  1.296092174173e+07  2.611174212582e-03  0.000000000000e+00 -9.997962615732e-01 
 1    2       2.750000000000e+07  0.000000000000e+00  1.671883055724e-07 -2.750977379131e-06 -8.466339450796e-07  1.209521622602e+06 -9.780906506899e+05  4.831610867706e+05  5.223376291303e+05  9.230778422165e-01  0.000000000000e+00 -3.846028572632e-01 
 1    2       2.750000000000e+07  0.000000000000e+00  1.420350589905e-06  9.483141057021e-07 -1.052031979981e-06  3.782061684788e+06  2.118608037748e+06 -2.685476474401e+06  1.613600531536e+06  9.918746560398e-01  0.000000000000e+00  1.270719150732e-01 
 1    2       2.750000000000e+07  0.000000000000e+00  1.065628066066e-06  1.265971546032e-06 -5.477112515224e-07  2.830237024426e+04  1.648720717016e+04 -1.949210019874e+04  1.221696324845e+04  2.516758237867e-01  0.000000000000e+00 -9.678115477648e-01 
 1    2       2.750000000000e+07  0.000000000000e+00 -1.230153833897e-06  5.572364012525e-06 -9.007996525668e-07  1.993327537485e+07 -2.431217773946e+06 -1.783746515639e+07  8.558591245037e+06 -1.951635986588e-01  0.000000000000e+00 -9.806285229145e-01 
 1    2       2.750000000000e+07  0.000000000000e+00 -3.187785002890e-06  3.093747185458e-06  3.738274245061e-06  1.056360562324e+07 -5.051813957783e+06  8.035597770764e+06  4.636605219966e+06  6.387098609485e-01  0.000000000000e+00 -7.693338932835e-01 
 1    2       2.750000000000e+07  0.000000000000e+00  3.109870418934e-07 -1.030089735939e-06 -1.392794935792e-07  4.997394680231e+06  2.537373598731e+06 -3.745923936393e+06  2.122202316751e+06 -8.338241044827e-02  0.000000000000e+00 -9.965089908748e-01 
 1    2       2.750000000000e+07  0.000000000000e+00  2.129719230964e-06  4.118479316004e-07  5.182492042642e-07  1.448505981523e+06  1.839109614912e+05  1.289150899638e+06  6.343786682382e+05 -3.619095088054e-01  0.000000000000e+00 -9.322096546329e-01 
 1    2       2.750000000000e+07  0.000000000000e+00  7.008729014418e-06  5.922831797508e-07  1.868486677900e-06  8.806589259869e+05  5.970360146602e+05  5.287998914615e+05  3.734686277444e+05  1.752798496342e-01  0.000000000000e+00 -9.845176292170e-01 
 1    2       2.750000000000e+07  0.000000000000e+00  2.216137579431e-06 -3.233123311037e-06 -1.081446056384e-06  2.204583063938e+07 -1.776250034844e+07 -8.826499631959e+06  9.623156145407e+06 -8.112451168400e-01  0.000000000000e+00 -5.843017609584e-01 
 1    2       2.750000000000e+07  0.000000000000e+00  4.984186214248e-06  2.543065434641e-06 -2.828096951010e-06  3.004937653077e+06 -2.598889868356e+06  7.053086668727e+05  1.333402203189e+06  7.741192846420e-01  0.000000000000e+00 -6.330196166541e-01 
 1    2       2.750000000000e+07  0.000000000000e+00 -4.305854277761e-06  7.795048077056e-07  1.517902502519e-06  8.944514238587e+06 -2.617794070406e+06 -7.681781156025e+06  3.760548821670e+06  9.916192003693e-01  0.000000000000e+00  1.286096470231e-01 
 1    2       2.750000000000e+07  0.000000000000e+00  5.559188560793e-06 -6.196726865724e-06 -2.391949710774e-06  5.108834110724e+06 -2.392739940441e+06  3.940371057946e+06  2.201921314219e+06  2.482625210313e-01  0.000000000000e+00 -9.686806943239e-01 
 1    2       2.750000000000e+07  0.000000000000e+00 -2.450018700626e-07 -9.852692685478e-07 -1.497720600597e-06  1.481510329753e+06  2.543398620472e+05  1.320821861220e+06  6.209780210772e+05 -9.833541675612e-01  0.000000000000e+00 -1.816765391484e-01 
 1    2       2.750000000000e+07  0.000000000000e+00 -4.711694782092e-06 -5.200778056718e-07  1.601797920427e-06  5.303143272547e+06 -3.660060913155e+06 -3.106643574244e+06  2.253008740278e+06 -9.257876229556e-01  0.000000000000e+00 -3.780242001905e-01 
 1    2       2.750000000000e+07  0.000000000000e+00  1.528054000315e-06  2.994856404521e-07  1.440187903162e-06  6.753689382239e+06  5.965111530028e+06  1.325412680515e+06  2.876290307398e+06 -5.248794683885e-01  0.000000000000e+00 -8.511271522884e-01 
 1    2       2.750000000000e+07  0.000000000000e+00 -2.862012932392e-06 -1.719045042317e-06 -8.827751242857e-07  6.004067374131e+05  5.305204637067e+05  9.952585394285e+04  2.629275419509e+05 -8.359984338472e-01  0.000000000000e+00 -5.487306997774e-01 
 1    2       2.750000000000e+07  0.000000000000e+00 -3.365338410233e-06  3.249889381031e-06  2.148299139551e-06  9.048126477141e+06 -8.130950295126e+06 -1.260099449848e+05  3.967412448724e+06 -6.712957512304e-01  0.000000000000e+00 -7.411104977468e-01 
 1    2       2.750000000000e+07  0.000000000000e+00 -3.866205836091e-06  2.537037300083e-06  1.415106305446e-06  7.830944217377e+05 -6.981050036421e+05 -5.421481074626e+04  3.506380349341e+05 -2.273380486211e-01  0.000000000000e+00 -9.738125532469e-01 
 1    2       2.750000000000e+07  0.000000000000e+00 -1.604671139643e-06  4.226361949389e-07 -1.002211876812e-06  7.328104720064e+05  4.986062147604e+05 -4.352429523310e+05  3.145895785476e+05  7.867298069684e-01  0.000000000000e+00 -6.172924784804e-01 
 1    2       2.750000000000e+07  0.000000000000e+00  5.204721809366e-06  9.636835887684e-07  1.191337547070e-06  3.028509241583e+05 -6.810926127222e+04 -2.636338456592e+05  1.325783022043e+05  5.423701538770e-01  0.000000000000e+00  8.401388087698e-01 
 1    2       2.750000000000e+07  0.000000000000e+00  3.044092680714e-06 -2.607695219479e-06  1.637969088089e-06  2.368163987930e+06  1.500839510634e+06 -1.532147007220e+06  1.004095107704e+06  2.642042969407e-01  0.000000000000e+00  9.644650318308e-01 
 1    2       2.750000000000e+07  0.000000000000e+00 -1.298042786723e-06 -6.701640033493e-06  1.256479613828e-06  8.479733408840e+05 -7.023098634068e+05 -2.864340158152e+05  3.791769998241e+05  2.577038643443e-01  0.000000000000e+00 -9.662193357393e-01 
 1    2       2.750000000000e+07  0.000000000000e+00  5.083847418258e-06 -3.954970611507e-06 -1.689280235920e-06  2.532137458423e+07 -2.176103154554e+07 -6.760277531281e+06  1.104210870300e+07 -5.714641558420e-01  0.000000000000e+00 -8.204327686351e-01 
 1    2       2.750000000000e+07  0.000000000000e+00 -2.570159411747e-06  3.251250335241e-06 -2.534050793675e-07  5.635103022695e+05  4.898446175557e+05  1.242546099294e+05  2.493128623374e+05  2.687517775754e-02  0.000000000000e+00  9.996386972443e-01 
 1    2       2.750000000000e+07  0.000000000000e+00 -2.231025659737e-06 -3.031985591921e-06  2.756757233840e-06  3.308480630213e+05 -1.653636196327e+05 -2.494702080588e+05  1.409962034880e+05 -4.754942374161e-01  0.000000000000e+00 -8.797163347823e-01 
 1    2       2.750000000000e+07  0.000000000000e+00  8.698211671108e-07  3.599995503468e-06 -1.805394535953e-07  6.535891420885e+05  1.968635730036e+05  5.506243640642e+05  2.919525817306e+05 -5.455623535558e-01  0.000000000000e+00 -8.380665521824e-01 
 1    2       2.750000000000e+07  0.000000000000e+00  4.508474849181e-08 -2.113978671073e-06 -2.918407724590e-06  2.789631001401e+07  1.633234948538e+07  1.915691122343e+07  1.201961834099e+07 -6.372646513273e-01  0.000000000000e+00 -7.704024530698e-01 
 1    2       2.750000000000e+07  0.000000000000e+00  5.851799007870e-07  3.061011733743e-06 -7.297188381744e-07  1.210582385193e+07  9.576783490627e+06  5.248963304145e+06  5.223463730064e+06 -6.575519292363e-01  0.000000000000e+00 -7.532507493546e-01 
 1    2       2.750000000000e+07  0.000000000000e+00 -7.158140508780e-07  2.619058036509e-06 -3.084913301036e-06  7.147587294803e+06  5.229428809328e+06 -3.799608247954e+06  3.050255010172e+06  8.780268887786e-01  0.000000000000e+00  4.785358592731e-01 
 1    2       2.750000000000e+07  0.000000000000e+00  1.442840530754e-06 -8.853421899703e-07  9.288426997146e-07  8.030430903859e+05  5.101436427835e+05  5.104060601261e+05  3.523028846472e+05 -2.126143374429e-01  0.000000000000e+00 -9.771309919942e-01 
 1    2       2.750000000000e+07  0.000000000000e+00  5.332921075212e-07 -4.595772752917e-06 -1.198406590381e-06  2.779381614811e+04 -2.191686607619e+04  1.214175004961e+04  1.203017469558e+04  9.145037250895e-01  0.000000000000e+00  4.045774786856e-01 
 1    2       2.750000000000e+07  0.000000000000e+00 -1.533791460162e-06 -1.306931286924e-06  1.407407864446e-06  7.507258379796e+05  6.291346061262e+05 -2.526459716346e+05  3.224111415591e+05 -8.288145918421e-01  0.000000000000e+00  5.595228566813e-01 
 1    2       2.750000000000e+07  0.000000000000e+00 -1.017184241487e-06  8.317085250679e-07  7.911036639654e-07  1.656038437158e+07  1.344860971334e+07  6.250893350391e+06  7.369366298046e+06 -8.894788730954e-01  0.000000000000e+00 -4.567802585565e-01 
 1    2       2.750000000000e+07  0.000000000000e+00 -1.722525692387e-06 -1.063187496609e-06  2.847627213092e-07  3.214779421435e+05 -1.034112506401e+05 -2.686210581262e+05  1.431674112954e+05  8.728019722234e-01  0.000000000000e+00  4.880740056451e-01 
 1    2       2.750000000000e+07  0.000000000000e+00 -4.099890963250e-06  2.889173910492e-06 -4.879856198149e-07  2.252780271628e+05  1.755945044114e+05 -1.023375966595e+05  9.717909164451e+04 -4.888529407071e-01  0.000000000000e+00 -8.723647812345e-01 
 1    2       2.750000000000e+07  0.000000000000e+00 -1.480489589538e-06 -4.147323580614e-06 -3.399000499387e-06  1.677332334594e+06  1.460553968218e+06  3.902592788211e+05  7.265834858382e+05 -2.221810646258e-01  0.000000000000e+00 -9.749933250962e-01 
 1    2       2.750000000000e+07  0.000000000000e+00  4.074242663055e-06 -4.411154666214e-06 -5.812806611486e-06  1.963612086264e+06 -1.273365359572e+06  1.215286823841e+06  8.702821508931e+05  6.150107734132e-01  0.000000000000e+00 -7.885013197965e-01 
 1    2       2.750000000000e+07  0.000000000000e+00 -1.852377313711e-06  2.921576525862e-06  4.489573465814e-07  7.739227220389e+05 -4.514133409520e+05  5.394086602431e+05  3.228322669024e+05  4.104864082506e-01  0.000000000000e+00 -9.118630763809e-01 
 1    2       2.750000000000e+07  0.000000000000e+00  1.191568037499e-06  4.892692341161e-06  2.789130834847e-06  1.985349060360e+07  1.728077075461e+07  4.648997190597e+06  8.597841380005e+06 -4.751548375022e-01  0.000000000000e+00 -8.797576554157e-01 
 1    2       2.750000000000e+07  0.000000000000e+00 -8.073488844157e-06  3.585365159952e-06  3.573704622145e-06  1.948867484444e+06 -8.697710578799e+05  1.529627747000e+06  8.377480136690e+05  9.465433035600e-01  0.000000000000e+00 -3.225649000163e-01 
 1    3       2.750000000000e+07  0.000000000000e+00 -4.114928543937e-06  2.885658253966e-06 -4.643191490966e-07  3.810198166742e+04  2.983532370782e+04 -1.729572563416e+04  1.620099814893e+04  7.097090794248e-01  0.000000000000e+00 -7.044948399828e-01 
 1    2       2.750000000000e+07  0.000000000000e+00  2.316972732033e-06  1.455595285687e-06 -2.903366574388e-06  3.260033034855e+06 -2.903497403734e+06  3.190133300371e+05  1.447670097128e+06  9.709469249461e-01  0.000000000000e+00 -2.389542723394e-01 
 1    2       2.750000000000e+07  0.000000000000e+00 -1.376940805032e-06 -2.665549602388e-06  7.837064522159e-07  6.957524857594e+06  3.340053669801e+06 -5.372465857467e+06  2.896170616045e+06  4.965172853775e-01  0.000000000000e+00 -8.679631748363e-01 
 1    2       2.750000000000e+07  0.000000000000e+00  3.924639091784e-06 -3.626420169479e-07 -6.305577983942e-07  4.566708287758e+06 -3.993947313350e+06  1.034627349289e+06  1.957742498840e+06  9.828476665513e-02  0.000000000000e+00 -9.951431656484e-01 
 1    2       2.750000000000e+07  0.000000000000e+00  2.170981053653e-06 -3.152643291684e-06 -1.086733793192e-06  1.583762809313e+05 -1.379271348819e+05 -4.043406853315e+04  6.651494513830e+04 -9.747882148599e-01  0.000000000000e+00  2.231317151261e-01 
 1    2       2.750000000000e+07  0.000000000000e+00  8.776176253245e-07 -8.618140350448e-06 -1.490264151334e-06  8.763963605567e+06  6.990557079912e+05  7.890587376249e+06  3.749267935824e+06  2.250957853442e-01  0.000000000000e+00  9.742909642325e-01 
 1    2       2.750000000000e+07  0.000000000000e+00 -2.439493643129e-06  2.731711759661e-06 -3.789000030577e-07  3.085243204894e+05  8.698514353259e+04 -2.621490953740e+05  1.374725170084e+05 -9.500805683648e-01  0.000000000000e+00  3.120044799739e-01 
 1    2       2.750000000000e+07  0.000000000000e+00  2.338682015318e-06  2.545316612151e-08 -2.119766117270e-06  1.163986502387e+06 -1.045754457327e+06  4.325440025045e+01  5.111381328467e+05 -8.587739814730e-01  0.000000000000e+00 -5.123514649776e-01 
 1    2       2.750000000000e+07  0.000000000000e+00 -4.118710686514e-06  6.479511087340e-07 -6.032628562461e-07  5.456114448055e+06  2.236769873745e+06 -4.398925210299e+06  2.327123201805e+06  6.647271825675e-01  0.000000000000e+00 -7.469935444375e-01 
 1    2       2.750000000000e+07  0.000000000000e+00 -2.590163080521e-07 -1.831214658765e-06 -1.647651213542e-06  2.601203006580e+06 -1.585676220164e+06  1.752124316323e+06  1.087174496758e+06  9.569071405347e-01  0.000000000000e+00 -2.903645678487e-01 
 1    2       2.750000000000e+07  0.000000000000e+00  2.845761002584e-06  3.076453532004e-06 -1.305100357819e-06  5.596734237451e+06 -9.776110331774e+05 -4.936090843334e+06  2.450044485068e+06 -9.685399595522e-01  0.000000000000e+00 -2.488180626215e-01 
 1    2       2.750000000000e+07  0.000000000000e+00  6.991869881241e-06 -4.362424454684e-07 -2.560511677016e-06  4.969175890795e+06 -4.435721689466e+06 -4.485438233961e+05  2.194513742439e+06  6.814354095183e-01  0.000000000000e+00 -7.318402055720e-01 
 1    2       2.750000000000e+07  0.000000000000e+00  1.233413578356e-06  8.403300224020e-07  1.190250145095e-06  2.175237090998e+06  3.983723846795e+05 -1.929081888866e+06  9.228211696877e+05  7.366042060620e-01  0.000000000000e+00 -6.763164886082e-01 
 1    2       2.750000000000e+07  0.000000000000e+00  5.696131613707e-06  1.995195085438e-08 -2.411535463850e-07  1.849236070379e+07 -1.615906576050e+07  4.113760711443e+06  7.995559452340e+06  8.361416358533e-01  0.000000000000e+00 -5.482863258226e-01 
 1    2       2.750000000000e+07  0.000000000000e+00  2.218724902515e-06 -7.128228468089e-07 -4.812474678988e-07  2.680150711562e+06 -5.100683477447e+05 -2.349122415989e+06  1.185184370473e+06 -2.148422406605e-01  0.000000000000e+00 -9.766279564954e-01 
 1    2       2.750000000000e+07  0.000000000000e+00  3.213881431512e-06 -1.523357198680e-06 -2.232469940336e-06  5.479255233152e+06 -3.695834730444e+06  3.347920063940e+06  2.270346845910e+06  5.638280313451e-01  0.000000000000e+00 -8.258405726698e-01 
 1    2       2.750000000000e+07  0.000000000000e+00  3.269632998578e-06 -3.998807681538e-06 -5.146509494902e-07  1.239622360157e+07  8.646320283278e+05  1.109818602885e+07  5.454267861474e+06 -4.381958777460e-01  0.000000000000e+00 -8.987960104451e-01 
 1    2       2.750000000000e+07  0.000000000000e+00 -2.155373073701e-06 -4.783189908835e-06  1.465563450060e-06  9.328501742305e+05 -1.403903839394e+04 -8.395038054744e+05  4.065042601953e+05 -8.928077943694e-01  0.000000000000e+00  4.504370934040e-01 
 1    2       2.750000000000e+07  0.000000000000e+00  2.539758264834e-07 -3.877500184248e-07 -7.009363397321e-09  4.197670049925e+05 -3.756013377082e+05  4.680715610985e+04  1.814857121901e+05  9.303145470005e-01  0.000000000000e+00  3.667613964099e-01 
 1    2       2.750000000000e+07  0.000000000000e+00  6.278838758769e-06 -3.597446755442e-06 -3.355793356988e-06  1.932418349466e+06 -1.701965203958e+06 -3.657490411715e+05  8.389176126126e+05  5.405730211435e-01  0.000000000000e+00  8.412745049134e-01 
 1    2       2.750000000000e+07  0.000000000000e+00 -1.331518834432e-06  2.405625042524e-06 -2.212275926885e-07  3.975363396156e+05 -3.602323335301e+04 -3.574344184340e+05  1.702295640967e+05  1.342424572260e-01  0.000000000000e+00  9.909483775149e-01 
 1    3       2.750000000000e+07  0.000000000000e+00 -3.268044557868e-06  4.307214465793e-06  2.048046094588e-06  1.026927530832e+07 -9.159576036527e+06  1.208733801662e+06  4.483206975584e+06  2.698527870113e-01  0.000000000000e+00 -9.628061183807e-01 
 1    2       2.750000000000e+07  0.000000000000e+00  3.907290742229e-06 -4.966706560411e-06 -4.027870057290e-07  1.642939200044e+06  7.681550065068e+05  1.261124654593e+06  7.202441992816e+05  6.815550444529e-01  0.000000000000e+00 -7.317610431721e-01 
 1    2       2.750000000000e+07  0.000000000000e+00  4.798960737682e-06 -1.252958388230e-06 -5.262653077298e-07  1.835801031945e+06 -1.013759860537e+06  1.293458373473e+06  8.181820152906e+05  7.168664848629e-01  0.000000000000e+00  6.972069478929e-01 
 1    2       2.750000000000e+07  0.000000000000e+00  2.939448679294e-06 -2.777274135547e-06 -8.481301321068e-07  1.295833002465e+07 -9.979169743723e+06 -6.025767194294e+06  5.659029773183e+06 -6.619614139870e-01  0.000000000000e+00 -7.494351965987e-01 
 1    2       2.750000000000e+07  0.000000000000e+00  1.368086558711e-07 -4.534905521580e-06 -5.887833250884e-07  7.221641885864e+05  3.254082880561e+05  5.586808605672e+05  3.217238837526e+05  9.923246270528e-01  0.000000000000e+00 -1.236551463432e-01 
 1    2       2.750000000000e+07  0.000000000000e+00  4.297989605450e-06  1.221624429715e-06  1.853000182821e-07  2.776229775812e+06 -2.498088875334e+06  2.608344374495e+05  1.182780256548e+06  8.202771620928e-01  0.000000000000e+00 -5.719148128349e-01 
 1    2       2.750000000000e+07  0.000000000000e+00  8.257301802837e-07  4.167311158442e-06  9.238767448066e-07  6.294156677095e+05  6.740570423683e+04  5.671608349725e+05  2.644789992945e+05  4.578203340626e-01  0.000000000000e+00 -8.890376907576e-01 
 1    2       2.750000000000e+07  0.000000000000e+00 -1.046226758466e-06 -3.051585141341e-06  7.996425945240e-07  3.845614569923e+06 -3.046838481104e+06  1.613752573283e+06  1.703328894456e+06  8.341644149416e-01  0.000000000000e+00 -5.514931706783e-01 
 1    2       2.750000000000e+07  0.000000000000e+00 -1.648889458782e-06 -4.371275358338e-06 -2.685470358432e-06  2.188202644451e+06  1.083775223939e+06  1.633432181603e+06  9.723998073125e+05 -7.459105287225e-01  0.000000000000e+00 -6.660336599324e-01 
 1    2       2.750000000000e+07  0.000000000000e+00 -2.233222756749e-06  2.221802981313e-06 -4.832897967155e-07  1.525444221190e+06 -1.214974171041e+06  6.525430562871e+05  6.519243785581e+05 -7.806774251606e-01  0.000000000000e+00  6.249323028441e-01 
 1    2       2.750000000000e+07  0.000000000000e+00  4.175195120878e-06  2.070296691361e-06  1.083175806713e-06  3.472654205715e+06 -6.087778186954e+04 -3.133942788935e+06  1.494665087513e+06 -2.558672292338e-01  0.000000000000e+00  9.666871056357e-01 
 1    2       2.750000000000e+07  0.000000000000e+00 -6.580954308405e-07  5.786013312886e-07  1.017744282986e-07  2.588066441766e+06 -2.151712266471e+06 -8.699516851803e+05  1.145166492158e+06  2.889571858681e-01  0.000000000000e+00 -9.573398137908e-01 
 1    2       2.750000000000e+07  0.000000000000e+00 -5.266959907570e-06  1.293859231343e-06 -6.579083668741e-07  9.895985123283e+06  7.280995501191e+06  5.300889945402e+06  4.100998885468e+06 -8.548880059779e-01  0.000000000000e+00 -5.186902595394e-01 
 1    2       2.750000000000e+07  0.000000000000e+00  2.952251523230e-06  5.223825821182e-06 -4.048195101220e-06  1.123149690449e+07 -7.884406212793e+06 -6.456421423011e+06  4.721999978381e+06 -7.050875863420e-01  0.000000000000e+00 -7.089970088297e-01 
 1    2       2.750000000000e+07  0.000000000000e+00 -2.340218548373e-06 -7.282404934983e-07  7.190606962016e-07  4.192788992612e+06  9.298189114138e+05  3.700711675343e+06  1.737713850012e+06 -2.763484666109e-01  0.000000000000e+00 -9.610291719924e-01 
 1    2       2.750000000000e+07  0.000000000000e+00 -3.402131044030e-06  4.475877204773e-08  3.125935816109e-08  1.595377797220e+06  1.179564765981e+06  8.196216667006e+05  6.943180843065e+05 -6.473537789947e-01  0.000000000000e+00  7.621855182147e-01 
 1    2       2.750000000000e+07  0.000000000000e+00 -8.903486777912e-08 -4.620984209832e-06  7.786812945518e-07  1.012882217523e+05 -5.081535633215e+04  7.644730705154e+04  4.281252937106e+04 -9.030707144164e-01  0.000000000000e+00 -4.294913317277e-01 
 1    2       2.750000000000e+07  0.000000000000e+00 -3.873871875301e-06  2.658142296619e-06 -9.480507895005e-07  1.994027848786e+07  1.112569459001e+07 -1.430483014810e+07  8.318981938747e+06  6.942137839390e-01  0.000000000000e+00 -7.195963163016e-01 
 1    2       2.750000000000e+07  0.000000000000e+00 -5.298495790830e-06  3.590877485315e-07 -9.261128644893e-07  1.777079285974e+06  1.224450862571e+06  1.053323188353e+06  7.411080452032e+05 -7.342711658603e-01  0.000000000000e+00 -6.788391650721e-01 
 1    2       2.750000000000e+07  0.000000000000e+00  1.144854910199e-06 -3.541292302091e-06 -3.086588738105e-06  6.714757692890e+06 -9.305891811074e+05  5.955051743544e+06  2.959617100562e+06 -1.267749027631e-01  0.000000000000e+00 -9.918967370439e-01 
 1    2       2.750000000000e+07  0.000000000000e+00 -1.078301874316e-07 -3.348937469581e-06  7.132616664005e-07  1.770448173884e+05  9.134301258750e+04  1.312359536495e+05  7.601608964717e+04 -8.104591933997e-01  0.000000000000e+00 -5.857943613217e-01 
 1    3       2.750000000000e+07  0.000000000000e+00  1.528156954484e-06  2.989168215438e-07  1.440230592832e-06  6.968049233566e+06  6.154925224102e+06  1.367896125372e+06  2.966389353625e+06 -5.044919681735e-01  0.000000000000e+00 -8.633620643422e-01 
 1    2       2.750000000000e+07  0.000000000000e+00  6.092052544928e-06 -3.678514218961e-06 -2.358494628208e-06  6.560056846496e+03 -5.095802301963e+03  2.981478094937e+03  2.859708568715e+03  5.999120411260e-01  0.000000000000e+00  8.000659615012e-01 
 1    2       2.750000000000e+07  0.000000000000e+00 -1.832064038887e-06  5.372585303984e-06 -2.899262742857e-06  9.610699818887e+06 -1.918745372566e+06 -8.454046330875e+06  4.148863439477e+06 -1.303315368318e-01  0.000000000000e+00 -9.914235419395e-01 
 1    2       2.750000000000e+07  0.000000000000e+00 -8.042683064848e-07 -1.271563527652e-05 -1.361230027727e-06  7.345575891401e+06  1.043451006673e+06  6.501964084372e+06  3.254713231384e+06  9.601210315883e-01  0.000000000000e+00 -2.794412994928e-01 
 1    3       2.750000000000e+07  0.000000000000e+00  5.240163621993e-06  9.574758072940e-07  1.197433221305e-06  2.595782764192e+05 -5.954996376261e+04 -2.260564631991e+05  1.128412994013e+05  2.253708562009e-02  0.000000000000e+00 -9.997457172294e-01 
 1    2       2.750000000000e+07  0.000000000000e+00  6.505641923792e-06 -3.873055437605e-07 -8.058815980005e-07  6.480288391761e+06 -5.724877484422e+06  1.208995209650e+06  2.785362815110e+06  4.997730580005e-01  0.000000000000e+00 -8.661077435280e-01 
 1    2       2.750000000000e+07  0.000000000000e+00  2.813690086661e-06  3.580930484101e-07 -2.187387651733e-07  4.652109389258e+06 -2.955755872175e+06 -2.965563958919e+06  2.027574758000e+06 -9.605663837722e-01  0.000000000000e+00 -2.780194997015e-01 
 1    3       2.750000000000e+07  0.000000000000e+00 -1.634756832321e-06 -4.363787726520e-06 -2.713721878272e-06  2.993528458880e+05  1.479706161844e+05  2.232457222170e+05  1.337092764137e+05 -7.116830005672e-02  0.000000000000e+00  9.974641488547e-01 
 1    2       2.750000000000e+07  0.000000000000e+00 -8.618622454175e-07  9.627479471766e-06 -3.029142776328e-06  8.857050542195e+06 -2.806306552206e+06 -7.493925131022e+06  3.796455448530e+06 -9.101124825524e-01  0.000000000000e+00 -4.142509847414e-01 
 1    2       2.750000000000e+07  0.000000000000e+00  1.092812890876e-06 -7.894683603062e-07  7.387630113919e-07  1.080115910409e+05 -2.232895687200e+04  9.549212094673e+04  4.526782876706e+04  2.589702976060e-01  0.000000000000e+00 -9.658845790892e-01 
 1    2       2.750000000000e+07  0.000000000000e+00 -4.779014074462e-06 -2.144925612781e-06 -1.445641315343e-06  1.372831539952e+05  1.099533012505e+05 -5.817699731272e+04  5.807213530310e+04  9.635448312036e-01  0.000000000000e+00  2.675459588695e-01 
 1    2       2.750000000000e+07  0.000000000000e+00  2.824326362607e-06 -6.199351777540e-06 -7.354290253070e-07  5.701245283508e+04 -4.947067825510e+04  1.308352337960e+04  2.513748569823e+04 -9.777756105520e-01  0.000000000000e+00 -2.096541238590e-01 
 1    2       2.750000000000e+07  0.000000000000e+00 -8.603560381707e-06  4.312494532859e-06 -2.605980018983e-06  1.499697427719e+06  1.246390169557e+06 -5.564095997823e+05  6.212988630355e+05 -9.574842188922e-01  0.000000000000e+00 -2.884338093250e-01 
 1    2       2.750000000000e+07  0.000000000000e+00 -7.919496378160e-06  1.577855149627e-06 -2.522077547562e-06  8.084140385336e+06  7.204320109659e+06 -1.331121899095e+06  3.417486213158e+06  3.164973202608e-01  0.000000000000e+00 -9.485440313274e-01 
 1    2       2.750000000000e+07  0.000000000000e+00  3.166126036088e-06 -6.784497335122e-06 -4.061250369927e-06  4.548694035733e+06 -1.187183654620e+06  3.900390064272e+06  2.016970437919e+06  1.442065764077e-01  0.000000000000e+00  9.895369243980e-01 
 1    2       2.750000000000e+07  0.000000000000e+00  3.388581091129e-06 -1.838605728330e-06 -1.707456427211e-06  3.400962261199e+06 -2.236405833100e+06  2.111234131728e+06  1.451800155947e+06  1.425750518039e-01  0.000000000000e+00 -9.897795516865e-01 
 1    2       2.750000000000e+07  0.000000000000e+00  1.152585902265e-05  1.299101969956e-05 -2.541901322579e-06  5.124216949689e+06 -2.978617031378e+06 -3.580001290903e+06  2.137529107404e+06 -9.865420500675e-01  0.000000000000e+00 -1.633839805658e-01 
 1    2       2.750000000000e+07  0.000000000000e+00  2.691844096152e-06 -9.539320737189e-06 -2.457032363061e-06  8.764183306586e+06 -1.454085900289e+06  7.761630238551e+06  3.801794216685e+06  4.758040184596e-01  0.000000000000e+00 -8.792987466694e-01 
